PL = 6246.836 [N]
Range = 627963.8436 [m]
Endurance = 15182.6483 [s]
Vm = 82.0525 [m/s]
MissionFuel = 101.6878  [kg]
Autorrot = -0.23343 [rad]
CAC = 5318274.4484 [$]
COP = 349332.2781 [$/yr]
FM = 0.69858 [-]
StabConv = 0 [s]
StabOsc = 1.4567 [s-1]    